1    0.80067    1          460823    177    5
2    0.87532    0.99898    404269    210    5
3    0.910684   0.992767   377478    411    7
4    0.934216   0.985164   359650    657    6
5    0.953865   0.974438   344764   1004    6
6    0.972679   0.958551   330511   1518    5
7    0.98505    0.943406   321139   2008    7
8    0.992584   0.930115   315431   2438    5
9    0.997233   0.916546   311909   2877    7
10   0.999344   0.904955   310310   3252    5
11   1          0.893951   309810   3608    5