1    0.636293   1          13527    35.845    0
2    0.768711   0.990823   10468    48.576    1
3    0.943682   0.959631    6426    91.851    1
4    0.968659   0.952178    5849   102.191    1
5    0.991905   0.940865    5312   117.886    0
6    0.996494   0.937298    5206   122.834    0
7    0.999134   0.934456    5145   126.777    0
8    0.999827   0.932857    5129   128.995    0
9    1          0.932334    5125   129.721    0
10   1          0.932334    5125   129.721    0
11   1          0.932242    5125   129.849    0