1    0.5        1          198330    244      5
2    0.884266   0.993738    45907    622   1031
3    0.96072    0.980981    15581   1392   3607
4    0.982436   0.973907     6967   1819   3606
5    0.99643    0.967049     1416   2233   3608
6    0.999017   0.964862      390   2365   3605
7    0.999894   0.963868       42   2425   3608
8    0.999945   0.963619       22   2440   3606
9    0.999987   0.96352         5   2446   3606
10   1          0.963305        0   2459   3606
11   1          0.927338        0   4630      6